1
651
1651
32
1
531
651
61
1
618
891
21
61
5651
321
32
12
31
321
12
7
72
782
87
27
27
827
82
372
3
327
3282
37
38
3282
378
687
678
6
78
26
75
6278
6278
6782
6278
6127
1627
782
71
32
121
3413
42
132
321
6241624
324
32
237
372
7327
32
2868511717
1
158692
28782952
32
65
65
5
54
664
6
7
87
87
6
987
678
67
4545
6
35
425
24
25
43
545
645
6
567
6
757
4
5
4
4
45
566
7
7
8
8
9
9
1
651
1651
32
1
531
651
61
1
618
891
21
61
5651
321
32
12
31
321
12
7
72
782
87
27
27
827
82
372
3
327
3282
37
38
3282
378
687
678
6
78
26
75
6278
6278
6782
6278
6127
1627
782
71
32
121
3413
42
132
321
6241624
324
32
237
372
7327
32
2868511717
1
158692
28782952
32
65
65
5
54
664
6
7
87
87
6
987
678
67
4545
6
35
425
24
25
43
545
645
6
567
6
757