250
369
277
329
11
83
404
494
61
27
181
129
24
201
351
461
74
204
174
88
281
257
303
85
490
57
455
488
70
44
358
398
118
63
314
264
356
168
430
421
33
194
214
113
327
389
128
340
446
406
449
291
319
348
137
112
457
342
149
357
150
98
224
469
320
163
23
34
420
317
141
103
161
140
247
124
14
211
60
386
248
359
442
175
225
144
412
105
419
482
255
26
7
253
227
76
90
331
52
374
262
19
87
208
260
301
39
434
54
183
176
445
393
431
47
479
21
394
447
313
109
220
130
234
122
259
58
349
429
200
133
146
123
245
25
164
308
460
309
337
147
160
197
51
3
102
158
178
381
96
152
132
321
50
22
206
69
318
485
367
212
272
108
17
437
114
127
157
138
213
15
37
378
191
187
238
254
499
267
101
111
198
71
38
425
432
41
276
371
48
345
142
409
106
384
99
145
13
107
347
287
89
483
282
28
193
323
397
173
218
30
156
388
131
376
305
81
316
65
443
339
481
270
278
261
219
221
392
315
120
470
216
84
296
91
362
289
304
346
31
453
78
306
414
73
363
5
285
222
341
487
125
497
438
413
134
205
1
344
215
379
478
210
433
268
119
330
333
496
53
328
403
110
117
373
311
143
229
372
68
273
148
405
121
241
179
29
466
498
423
489
274
284
202
4
295
223
335
302
46
387
428
279
352
475
467
151
456
417
292
56
92
391
256
186
486
249
203
416
266
104
418
422
366
448
484
116
286
375
190
451
350
364
436
395
380
40
233
20
139
62
459
439
9
297
170
243
493
240
476
382
126
312
80
334
452
162
399
383
283
355
360
269
232
182
209
100
35
354
244
77
265
115
450
290
400
135
172
454
242
79
338
294
424
310
86
8
293
228
169
415
396
252
185
444
237
377
217
288
2
45
495
97
67
464
159
10
43
165
251
12
332
192
177
94
361
18
271
300
55
390
427
236
411
246
189
463
465
480
153
298
299
171
36
471
188
207
343
326
166
66
239
324
93
195
95
435
473
226
441
336
6
325
370
16
477
196
322
82
280
275
199
472
136
154
440
49
401
407
368
75
491
263
458
59
474
42
258
408
468
72
230
64
365
410
426
167
184
235
307
155
353
385
462
32
231
402
492
180
